Number with laughs: 1302
Number without Laughs: 486

Average Laugh Count: 5.662826420890937
Average Laugh Location: 604.2442396313364
Average Laugh Location by Percent: 0.25075202160682164

standard deviation of first laugh location: 645.2410392386348
standard deviation of first laugh percent : 0.24175466637784113

Median Low Laugh Location: 368
Median Low Laugh Location by Percent: 0.16463414634146342

Laugh Counts: 
    0: 486
    1: 284
    2: 213
    3: 155
    4: 123
    5: 109
    6: 74
    7: 51
    8: 45
    9: 37
    10: 31
    11: 24
    12: 24
    13: 19
    14: 17
    15: 8
    16: 6
    17: 11
    18: 10
    19: 4
    20: 10
    21: 5
    22: 5
    23: 5
    24: 0
    25: 3
    26: 2
    27: 5
    28: 1
    29: 3
    30: 0
    31: 0
    32: 3
    33: 0
    34: 2
    35: 1
    36: 0
    37: 1
    38: 3
    39: 2
    40: 0
    41: 1
    42: 1
    43: 0
    44: 0
    45: 1
    46: 0
    47: 0
    48: 0
    49: 0
    50: 0
    51: 0
    52: 0
    53: 0
    54: 0
    55: 1
    56: 0
    57: 0
    58: 0
    59: 0
    60: 0
    61: 0
    62: 0
    63: 0
    64: 0
    65: 0
    66: 0
    67: 0
    68: 0
    69: 1
    70: 0
    71: 0
    72: 0
    73: 0
    74: 1

Laugh Locations: 
    2    4    5    6    6    7    8    9    9    10    11    11    11    13    13    14    14    15    15    15    16    16    16    17    17    18    18    19    19    19    20    20    20    21    21    22    23    23    23    23    23    23    23    25    26    27    27    27    28    28    28    28    28    28    28    29    29    29    29    29    29    29    30    30    30    30    30    31    31    31    31    31    32    32    32    33    33    33    33    33    34    34    34    34    34    35    35    36    36    36    36    37    37    37    37    38    39    39    39    39    39    40    40    40    40    41    42    42    42    42    42    43    43    43    43    44    44    44    44    46    46    46    46    46    46    46    47    47    47    48    48    48    48    49    49    49    49    50    50    51    51    51    52    52    53    53    53    54    54    54    55    55    55    56    56    56    57    57    58    58    58    58    58    58    59    60    61    61    61    61    62    62    63    63    63    65    65    65    66    66    66    67    67    69    69    69    69    70    70    70    71    71    71    71    71    72    72    72    73    73    74    74    75    75    77    78    79    79    80    80    81    81    82    82    83    83    83    84    84    84    84    85    85    85    86    87    87    87    88    89    89    89    89    90    90    90    90    91    91    91    91    93    94    94    95    97    97    97    97    97    97    98    98    99    99    99    99    99    100    101    102    102    103    103    103    103    104    104    105    105    106    108    108    108    108    109    109    110    110    111    111    111    111    113    113    113    113    113    113    114    114    114    115    115    115    115    116    116    117    118    119    119    119    119    120    120    120    121    122    122    123    123    123    123    124    125    125    126    127    127    128    128    128    129    129    130    130    131    131    131    131    131    132    132    133    133    134    134    135    135    135    136    137    137    139    139    140    140    141    141    141    141    142    143    143    143    143    144    145    146    147    147    147    148    148    148    149    149    150    150    151    152    152    152    153    153    154    154    154    155    155    156    156    156    157    157    158    158    159    159    159    160    161    161    161    161    162    162    162    165    167    167    169    170    170    172    173    173    174    174    175    175    175    175    175    176    177    178    179    179    179    181    182    182    183    184    184    185    185    185    187    189    189    189    190    190    190    190    191    193    194    194    195    197    197    197    198    198    198    200    200    202    202    202    204    208    211    211    212    213    213    213    214    215    215    216    217    217    218    218    219    219    220    221    222    222    222    223    223    224    225    225    227    228    228    229    229    230    230    230    231    232    233    233    235    235    235    238    239    240    241    242    242    242    242    243    243    244    245    245    246    246    246    248    248    249    250    250    252    252    252    254    254    255    257    258    258    259    260    260    261    261    263    263    263    264    267    270    273    275    275    276    278    279    281    282    282    285    286    286    287    287    288    288    288    288    288    289    290    291    292    292    293    294    295    296    296    297    297    299    299    299    300    300    303    303    304    305    306    307    308    310    310    310    311    312    314    314    315    315    316    317    318    318    318    319    321    321    321    322    322    323    323    324    325    325    326    327    327    328    329    330    331    332    332    333    334    336    336    337    339    341    342    343    344    349    349    349    349    350    351    351    351    351    351    352    353    353    356    357    360    361    361    363    363    364    365    365    365    367    368    369    370    370    371    371    371    373    375    375    376    377    379    381    381    382    382    382    382    382    383    383    384    384    385    388    388    389    390    390    394    395    395    396    397    399    401    401    401    403    407    408    410    412    415    415    415    415    416    416    417    418    418    418    419    420    421    425    429    430    430    430    430    431    431    432    432    432    433    433    433    433    435    438    439    439    439    440    440    440    440    444    446    447    448    449    449    450    450    450    452    452    453    457    458    461    461    463    467    470    474    474    477    477    477    479    482    485    492    493    494    500    501    501    503    505    505    505    505    506    508    509    510    510    517    518    518    518    520    522    522    525    525    526    526    530    532    532    532    532    533    536    538    542    546    548    550    555    555    557    559    560    561    561    562    564    565    566    566    568    571    573    574    575    576    579    579    579    579    579    580    583    583    584    589    595    596    597    599    602    602    604    607    609    610    610    610    612    613    614    618    618    619    621    621    621    624    625    625    627    629    630    632    639    640    642    642    644    645    646    650    651    651    653    655    657    658    659    663    664    666    666    667    667    669    670    670    672    680    685    687    688    689    689    697    697    697    698    698    699    705    705    706    709    712    714    715    716    720    720    724    726    726    727    729    733    737    737    739    739    744    746    748    751    753    759    760    765    766    766    767    767    769    770    770    771    772    772    778    778    779    780    782    783    785    788    792    794    794    796    802    804    805    806    807    809    816    818    820    820    828    829    831    832    832    833    836    838    839    840    841    842    842    848    849    856    856    865    866    867    869    876    877    877    877    878    878    880    881    882    882    883    884    885    890    890    893    894    895    897    901    901    906    908    911    913    915    916    917    917    918    918    920    921    922    923    929    929    932    933    934    934    935    946    946    947    950    955    963    970    971    971    974    975    975    976    978    978    979    980    981    985    986    989    990    990    994    998    1000    1005    1008    1011    1012    1017    1023    1027    1039    1042    1045    1049    1055    1059    1063    1066    1069    1073    1073    1076    1077    1078    1080    1081    1083    1084    1084    1086    1089    1096    1098    1098    1100    1101    1106    1108    1115    1116    1119    1122    1122    1124    1124    1126    1130    1134    1135    1135    1135    1137    1139    1141    1144    1152    1157    1159    1160    1167    1181    1181    1182    1186    1196    1213    1215    1218    1220    1224    1225    1229    1229    1231    1233    1240    1251    1253    1256    1258    1267    1268    1276    1280    1289    1291    1292    1295    1295    1297    1300    1300    1304    1307    1307    1309    1312    1322    1323    1325    1326    1339    1343    1344    1345    1355    1356    1357    1364    1371    1381    1391    1392    1408    1408    1415    1418    1426    1431    1434    1434    1439    1448    1456    1458    1459    1461    1461    1465    1466    1468    1482    1494    1501    1514    1518    1528    1533    1542    1551    1555    1555    1573    1584    1589    1590    1590    1595    1599    1602    1606    1618    1623    1626    1627    1641    1643    1651    1654    1659    1672    1672    1675    1683    1684    1692    1698    1708    1709    1710    1722    1724    1731    1734    1736    1737    1738    1754    1761    1763    1769    1785    1806    1836    1841    1860    1866    1882    1886    1890    1923    1930    1937    1963    1967    1972    1994    2003    2006    2017    2021    2029    2034    2037    2041    2045    2046    2049    2064    2068    2070    2076    2102    2110    2129    2135    2140    2162    2211    2211    2249    2271    2281    2283    2293    2303    2304    2339    2344    2364    2376    2380    2384    2384    2389    2403    2438    2444    2448    2464    2469    2474    2486    2492    2528    2561    2601    2624    2633    2668    2671    2736    2738    2830    2862    2971    2977    2994    3076    3283    3289    3297    3352    3462    3708    4002
Laugh Locations by percent down: 
    0.0015461925009663702    0.0016778523489932886    0.002161383285302594    0.0022681451612903227    0.002369668246445498    0.0028208744710860366    0.0029824038174768863    0.00328750747160789    0.003430531732418525    0.0035935968637700096    0.0038330494037478705    0.004390090937597993    0.004702194357366771    0.004770992366412214    0.004832376925400181    0.004847129008202834    0.004870546013842604    0.004968619246861925    0.005222841225626741    0.005378044922492882    0.005479452054794521    0.005884275907159202    0.005967825635703166    0.0060478569550354985    0.006060606060606061    0.006174654513378418    0.006197593875318994    0.006260434056761269    0.006303096738832557    0.006358381502890174    0.0063993174061433445    0.006660470879801735    0.006861443116423196    0.0069124423963133645    0.006927606511950121    0.006986702727067838    0.007015785517414182    0.007026348808030113    0.007406000759589822    0.007523148148148148    0.007635302043566135    0.007751937984496124    0.007751937984496124    0.007887517146776405    0.007940008822232024    0.008075370121130552    0.008169014084507042    0.008172362555720654    0.008385744234800839    0.008529854490717512    0.008531383302864107    0.008613008613008613    0.009179415855354658    0.00940733772342427    0.009551800146950772    0.009647371922821025    0.009731642583308758    0.009741350352704065    0.009829059829059829    0.009935897435897435    0.01003584229390681    0.010169491525423728    0.010279605263157895    0.01042611060743427    0.010498687664041995    0.010539367637941723    0.010883007667573583    0.010960334029227558    0.011102504518461141    0.011177086971707998    0.01131090487238979    0.011461318051575931    0.011551790527531768    0.011635027556644213    0.011645569620253165    0.011652542372881356    0.011816838995568686    0.011985898942420681    0.012030516431924883    0.01233684963347041    0.012767425810904072    0.012841854934601665    0.012997562956945572    0.013196480938416423    0.013404825737265416    0.013419713095788986    0.013579049466537343    0.013595166163141994    0.01370262390670554    0.014006419608987453    0.014036016949152543    0.01418918918918919    0.014261744966442953    0.014331210191082803    0.014557670772676373    0.0146948003014318    0.014957264957264958    0.01506544825882934    0.015126737530662305    0.015151515151515152    0.01519916142557652    0.01544943820224719    0.015574896930829134    0.015589569160997732    0.015705958549222798    0.016195856873822974    0.016216216216216217    0.01633877959319773    0.016356457980823462    0.01641337386018237    0.017008117510630073    0.01746089487086213    0.017537706068046298    0.017587939698492462    0.01769591910436981    0.01770634704440207    0.017866258295048495    0.018009168303863784    0.018033490768570203    0.018075356415478614    0.018323820967257435    0.018777467039552537    0.018913239267487243    0.019053472649047325    0.019091153535896747    0.019091507570770244    0.019206680584551147    0.019206680584551147    0.019270373639305678    0.01936619718309859    0.019417475728155338    0.019461077844311378    0.019732441471571906    0.020025839793281652    0.020138451856513532    0.020151133501259445    0.02038770053475936    0.02043712744819756    0.020538243626062325    0.02065868263473054    0.020790629575402637    0.02098108747044917    0.02175438596491228    0.021781534460338103    0.02188449848024316    0.022002200220022004    0.022109917877447885    0.02221563981042654    0.022262334536702767    0.022269353128313893    0.022452504317789293    0.022874191944306316    0.023004531195538514    0.02344971339239187    0.023752151462994836    0.02383654937570942    0.024098955001066326    0.024104683195592287    0.024409448818897637    0.024872111483506792    0.025    0.02520718232044199    0.025349794238683127    0.025364431486880466    0.02547169811320755    0.02554632194521391    0.026141913243320884    0.026151631477927064    0.026233359436178542    0.026246719160104987    0.02634695085849615    0.02716794731064764    0.027696793002915453    0.027809307604994324    0.028169014084507043    0.028178463602817845    0.02826455624646693    0.028445006321112517    0.028456453003736705    0.028629856850715747    0.028914972802748354    0.028962188254223652    0.029420685471640885    0.029758562605277934    0.02978424015009381    0.029974160206718347    0.030003529827038473    0.030120481927710843    0.030199039121482498    0.030491247882552232    0.03057169061449098    0.030705639208739297    0.030864197530864196    0.030934343434343436    0.031038374717832957    0.03105726872246696    0.03132699753607884    0.031750129065565305    0.03197674418604651    0.03212742980561555    0.032279100097815455    0.03284438775510204    0.03292838874680307    0.032935831913685404    0.03304843304843305    0.03311840562719812    0.03321575543797766    0.03373983739837398    0.03400774860094705    0.03406730369754882    0.034117257369990064    0.03428571428571429    0.0345679012345679    0.0347985347985348    0.03487690504103165    0.03489847715736041    0.034910559723023656    0.03495007132667618    0.03519417475728155    0.03523627424201038    0.03568045468898011    0.03634085213032581    0.036349771225216064    0.037237237237237236    0.03728402546226129    0.03769208466222093    0.0379045996592845    0.03818118708781673    0.03834115805946792    0.038743985819194734    0.038781163434903045    0.03913894324853229    0.03984819734345351    0.040106163373636095    0.040313549832026875    0.04081632653061224    0.04088397790055249    0.04152249134948097    0.04159394997091332    0.04178757980266976    0.04181459566074951    0.04196709188389721    0.04199772985244041    0.042209250112258644    0.042492917847025496    0.042617197292554525    0.042682926829268296    0.04270597127739985    0.0428380187416332    0.042871900826446284    0.04287515762925599    0.04326123128119801    0.04332552693208431    0.04350250976017847    0.04351809436555199    0.043923865300146414    0.043992120814182537    0.0440251572327044    0.04434589800443459    0.04460269865067466    0.0446343779677113    0.04472140762463343    0.04512067156348373    0.04515209125475285    0.04529816513761468    0.04543689320388349    0.04551241247612985    0.04609218436873747    0.04612676056338028    0.046228710462287104    0.04633401221995927    0.046573875802997856    0.04685408299866131    0.04690949227373068    0.047064531780688985    0.04726283577014621    0.047372316802368614    0.04831144465290807    0.04885701479157328    0.049391385767790265    0.04948177866934136    0.04949664429530201    0.049553442811869776    0.04967801287948482    0.05007743933918431    0.05022075055187638    0.05028265397203213    0.050394390885188434    0.05046403712296984    0.050505050505050504    0.05063291139240506    0.05069582504970179    0.05076628352490421    0.05094293411707078    0.0511135450894487    0.051422694549194375    0.05207811717576365    0.05233194657324283    0.05277864017385905    0.0529390288426433    0.053020134228187916    0.05303404045387272    0.05388672322861729    0.0539592015792937    0.05413598960588999    0.05476529160739687    0.055029154518950435    0.05546403075233388    0.055517002081887576    0.05613722432613054    0.056585829766999524    0.056867690896583355    0.05699352911896466    0.05710605410047231    0.05770430442919526    0.05775169857936998    0.058038147138964574    0.05810329474621549    0.058163265306122446    0.05821524320183838    0.05821917808219178    0.058540978685079556    0.05862646566164154    0.05888324873096447    0.05906783571758191    0.05907012195121951    0.05966277561608301    0.05973382853605695    0.059893048128342244    0.05993690851735016    0.06005586592178771    0.06007067137809187    0.06053365193150139    0.06103461109043543    0.061596958174904945    0.06177056646740677    0.06183973202782788    0.06184252470513229    0.06197771587743733    0.06214887640449438    0.062157935887412044    0.06266937669376693    0.06279961649089166    0.06298802706923477    0.06302100700233411    0.06349621113143454    0.06386732533521525    0.06411917098445596    0.06414473684210527    0.06415506415506415    0.06417569880205362    0.06428571428571428    0.06440013076168682    0.06442861987114276    0.06453488372093023    0.06456160135325627    0.06458333333333334    0.06494920174165457    0.06499051233396584    0.06560283687943262    0.06580050293378038    0.06676783004552352    0.06689246401354784    0.06692913385826772    0.06712243629583592    0.06712243629583592    0.06755514705882353    0.06760713335107799    0.06771124790151091    0.06772366930917327    0.06774707757704569    0.0678069639584606    0.06813706183536826    0.06818181818181818    0.06820194862710363    0.06841611996251172    0.06851549755301795    0.06864654333008763    0.06872294372294373    0.06881720430107527    0.06904017320182824    0.06937631394533987    0.06949270326615706    0.069580078125    0.06973365617433414    0.06974609972468644    0.07026044821320412    0.07028360049321825    0.0703448275862069    0.07107231920199501    0.07140590288797208    0.07186629526462396    0.07192118226600985    0.07206068268015171    0.07209429824561403    0.07225871652349672    0.0728744939271255    0.07289557419728088    0.07289829512051735    0.0731951871657754    0.07340217694669271    0.0735573874445149    0.07359891964888589    0.0736318407960199    0.07371890919988013    0.07422081352350766    0.07444907683144729    0.07446808510638298    0.07543103448275862    0.07562235791451385    0.07572936064556177    0.07646137787056367    0.0769046478198371    0.07700534759358289    0.07815502882767457    0.07825086306098965    0.07830687830687831    0.07840050377833753    0.07867494824016563    0.07920110192837465    0.07947382844614963    0.08001373626373626    0.08004778972520908    0.08024316109422493    0.08037775445960126    0.08076602830974189    0.080773606370876    0.08099062918340026    0.08105369807497467    0.08151712425700537    0.08176100628930817    0.08208955223880597    0.08220415537488708    0.08263507656746605    0.08288288288288288    0.08294392523364486    0.08317460317460318    0.08348457350272233    0.0835707502374169    0.08364312267657993    0.08408023900981647    0.08429951690821257    0.08439306358381503    0.08458580915763719    0.08489347966429955    0.08585055643879173    0.08647707486941382    0.0867195242814668    0.08686659772492245    0.08769822200864968    0.08795712484237074    0.08828315703824248    0.08880516684607104    0.0891089108910891    0.08918569582076691    0.08919506889050036    0.08929309632079371    0.08942172073342736    0.0894894894894895    0.08970831040176115    0.09042386185243328    0.0905982905982906    0.0907840440165062    0.09086651053864168    0.09098101265822785    0.09138381201044386    0.09188882586500284    0.09235936188077246    0.09283819628647215    0.09298957126303592    0.0937726285300507    0.09439252336448598    0.09534764826175869    0.09567257559958289    0.09635974304068523    0.0969910371318822    0.09739490822972173    0.09764826175869121    0.09769370303187354    0.0979689366786141    0.09830205540661305    0.09835438193647149    0.09844134536505332    0.09875756610385474    0.09886547811993517    0.09982332155477032    0.10004821600771456    0.10027285129604366    0.10027769207034866    0.1009028146574615    0.10178117048346055    0.10225763612217796    0.10232067510548523    0.10232067510548523    0.10238465526179368    0.10344827586206896    0.10419613389910419    0.10473588342440801    0.1067496409765438    0.10684844641724794    0.1070398153491056    0.10714285714285714    0.1072637334027597    0.10752688172043011    0.10793832095945174    0.10818438381937912    0.10832462556600488    0.10839046686255305    0.10842627013630732    0.1085972850678733    0.1090032154340836    0.10903083700440529    0.10944935418082936    0.1104368932038835    0.11063829787234042    0.11063829787234042    0.1107242339832869    0.11076540136901059    0.11177207263619286    0.11239495798319328    0.11261261261261261    0.11306179775280899    0.113578449217328    0.11380145278450363    0.11415929203539824    0.11517241379310345    0.11544461778471139    0.11680604262206636    0.11706629055007052    0.1172859450726979    0.11743057878889261    0.11795292829775589    0.11833333333333333    0.11835616438356164    0.11840562719812427    0.11868072452014058    0.11888955944477972    0.11984732824427481    0.1199794026776519    0.1200765864332604    0.12108108108108108    0.12117177097203728    0.12153092690005442    0.12167300380228137    0.12212885154061624    0.12217194570135746    0.12250106337728627    0.12275765036932818    0.12286808214410025    0.12296681847755368    0.12318339100346021    0.12367491166077739    0.1249305941143809    0.12521688837478312    0.12691087395442746    0.12724850099933377    0.12727272727272726    0.12727272727272726    0.12754010695187165    0.1275436046511628    0.1277965556092065    0.12780656303972365    0.12790206838328408    0.12876712328767123    0.12930667800935772    0.12935323383084577    0.12986003110419908    0.130064829821718    0.13018181818181818    0.13043478260869565    0.13106796116504854    0.13129440840284215    0.1314252336448598    0.13150684931506848    0.13150790590050135    0.13217726396917148    0.13257575757575757    0.1325914149443561    0.13333333333333333    0.13413878562577447    0.13421181063933627    0.1344046749452155    0.13449163449163448    0.1345744680851064    0.134953897736798    0.13603473227206947    0.1361190250079139    0.13674832962138084    0.13712076145151694    0.13775245986535473    0.13800277392510402    0.13847452856740783    0.13895705521472393    0.13914095583787053    0.13926426426426428    0.13941299790356393    0.1394658753709199    0.13971050975456262    0.13974231912784935    0.13985032740879327    0.14035626535626536    0.14073426573426573    0.14126807563959956    0.14139590854392298    0.14170815779394869    0.1431686046511628    0.14321608040201006    0.14322781525687597    0.14326647564469913    0.14428945074106364    0.14439784301977232    0.1445131375579598    0.14484126984126985    0.14566929133858267    0.14587415632484216    0.1459765467044076    0.14726027397260275    0.14741784037558686    0.14803625377643503    0.1485884101040119    0.1489174956114687    0.14895330112721417    0.14922279792746113    0.14933401639344263    0.14963707426018985    0.14976839938239836    0.14978381717109326    0.15164369034994699    0.151778955336866    0.15200764818355642    0.15215355805243447    0.15373631603998097    0.15452793834296724    0.15468909276248727    0.15584415584415584    0.15622353937341235    0.15867158671586715    0.1586810922205049    0.15986198964922368    0.1601642710472279    0.16055625790139064    0.16155088852988692    0.16202445652173914    0.16213945673480817    0.1623867069486405    0.16250528988573848    0.16295594504973945    0.16309412861137    0.16368638239339753    0.1645153125790939    0.16463414634146342    0.1652806652806653    0.16546150574223734    0.1656293222683264    0.16565860215053763    0.16567728008634647    0.16572018585441403    0.16683316683316685    0.16694772344013492    0.16704631738800305    0.1673728813559322    0.16762103071317022    0.16774004683840749    0.16809421841541755    0.1684152401987852    0.16923603973963686    0.16982182628062362    0.17014694508894046    0.1707536963577353    0.1711087420042644    0.17154639175257733    0.17302192564346996    0.17366682397357244    0.17514792899408285    0.1756393001345895    0.17568134171907757    0.17578125    0.17712334613743064    0.17770897832817337    0.17775571002979146    0.17818523742360132    0.1782178217821782    0.17866004962779156    0.1802615193026152    0.18044493271079373    0.18107667210440456    0.18127659574468086    0.18140554077320395    0.18151815181518152    0.18198198198198198    0.1821983273596177    0.18261249453910006    0.18300395256916996    0.18337730870712401    0.18345642540620383    0.1842696629213483    0.1843607305936073    0.18537028623353022    0.18592964824120603    0.18637873754152823    0.18654708520179372    0.18729003359462487    0.1874159720354934    0.18810679611650485    0.18813645621181263    0.18825995807127882    0.18902891030392885    0.1902071563088512    0.1902071563088512    0.19021310181531176    0.19034009717062017    0.19042735042735043    0.19048697621744054    0.19128262076624097    0.19174925097948836    0.19309021113243763    0.19342723004694837    0.19345238095238096    0.19518716577540107    0.19566813509544786    0.19574844995571303    0.19584569732937684    0.19637623234745538    0.19642857142857142    0.19679633867276888    0.19821059876118377    0.19954259576901087    0.2011173184357542    0.20138288677614521    0.20181543116490167    0.20246913580246914    0.20256718812675492    0.20318860244233378    0.2032    0.20397350993377483    0.20401554404145078    0.20530406950160038    0.20574324324324325    0.20644935155976166    0.20687418936446172    0.20720221606648198    0.2077562326869806    0.2099396191360892    0.20998116760828625    0.2102937353782168    0.21234084231145936    0.21255605381165918    0.21401515151515152    0.21510183805265773    0.21544715447154472    0.21584084084084085    0.21597021100537858    0.21631982475355968    0.2172264355362947    0.21754807692307693    0.21853546910755148    0.2185952273750563    0.21917124313529707    0.21949152542372882    0.21986851716581446    0.22044728434504793    0.22085385878489328    0.22147385103011094    0.22158438576349024    0.22362869198312235    0.22415458937198068    0.22549691569568198    0.22580645161290322    0.22581668252457976    0.22622792160658117    0.22721354166666666    0.2275607180570222    0.2299294973845804    0.23299822590183322    0.23309608540925267    0.23310601363918165    0.23435843054082714    0.23447537473233404    0.23597359735973597    0.23634787633631898    0.23902439024390243    0.23960739030023095    0.23960739030023095    0.24006432345508844    0.2401327923275544    0.2410112359550562    0.24172856178257934    0.24204355108877723    0.24377791959157627    0.24475524475524477    0.24484235110938107    0.24490950226244343    0.24559637644690488    0.2465627864344638    0.24664879356568364    0.2470173535791757    0.2470997679814385    0.24741659285503395    0.2488479262672811    0.24901289813108712    0.24927406745588565    0.24930284439486894    0.2493595217762596    0.2504481434058899    0.2507326603712146    0.25145442792501616    0.25227568270481143    0.2543752543752544    0.25483692647871753    0.25540765391014975    0.25567620927936824    0.25586113615870154    0.2564975247524752    0.25735294117647056    0.25963871663521165    0.2607215793056501    0.2607553366174056    0.26236067447842243    0.26497622820919176    0.2666015625    0.26672587329780933    0.267680608365019    0.26774595267745954    0.268221039104094    0.2685904550499445    0.26901140684410646    0.2691771269177127    0.2704791344667697    0.27070552147239263    0.2720744680851064    0.2722640135889347    0.2726950354609929    0.27293404094010615    0.2737584304107909    0.2759151030452169    0.2766834631241411    0.27680798004987534    0.2769736842105263    0.2772567409144197    0.2772657450076805    0.2773972602739726    0.27784730913642053    0.27893462469733654    0.2808243101641635    0.2814215544640277    0.28160592255125283    0.28342111863556557    0.283598667160311    0.28393754961630063    0.2841683366733467    0.2842696629213483    0.2847341337907376    0.2848367280957    0.28563772775991425    0.2860815277267719    0.28661087866108786    0.2870413376683697    0.2875042329834067    0.28768020969855834    0.2877074813567477    0.28850102669404515    0.28857715430861725    0.28931404573028463    0.2893815635939323    0.2898055139987177    0.29011627906976745    0.29051383399209485    0.2908230344464896    0.2921241050119332    0.29213177239313914    0.2925445705024311    0.29282136894824706    0.2933130699088146    0.29445804584909857    0.2955204640670319    0.29557522123893804    0.29609929078014185    0.2962328767123288    0.29680759275237273    0.296875    0.29716549832368183    0.2980877390326209    0.29814665592264306    0.30009680542110356    0.300132802124834    0.3015647226173542    0.30190239867659224    0.3038162282326788    0.3039332538736591    0.3042313872522764    0.30492676431424764    0.3049579045837231    0.3051109963861642    0.3072039072039072    0.3073170731707317    0.30804863925883036    0.30866858237547895    0.30894579314931825    0.30964797913950454    0.3106113843991567    0.31083287969515516    0.3113207547169811    0.3113843712812376    0.3117583603020496    0.31227217496962334    0.3125    0.31351869606903165    0.3157894736842105    0.3163510269405175    0.31825192802056557    0.31971830985915495    0.32105133873741093    0.3211465340742907    0.3218984962406015    0.32246476927327994    0.3225806451612903    0.32397660818713453    0.32446264073694986    0.3247863247863248    0.32508023842274186    0.32601880877742945    0.3267790262172285    0.329225823734262    0.32976117575015307    0.32993544002718317    0.3305439330543933    0.33113590263691683    0.33156919820058217    0.3319919517102616    0.33215234720992026    0.3327526132404181    0.3333333333333333    0.3346456692913386    0.3347708894878706    0.3350576999602069    0.3354120267260579    0.33544037083860095    0.33655239014968613    0.3367995378393992    0.3373685887225231    0.3376770538243626    0.3383977900552486    0.3385379701916253    0.3425627817128139    0.3445273631840796    0.3451834862385321    0.34523076923076923    0.3459752321981424    0.348816029143898    0.3496611213801602    0.351433389544688    0.3557422969187675    0.3569286924781645    0.35962241169305725    0.35963865689449465    0.3603000267881061    0.3632309217046581    0.36342857142857143    0.36415882967607105    0.3646907216494845    0.36558563387831683    0.3668639053254438    0.3685682326621924    0.37031060911657926    0.37056023434639324    0.37178265014299333    0.37259205071933676    0.37281237281237284    0.3728205128205128    0.37335596096733137    0.37531305903398926    0.37594553706505296    0.37624926513815404    0.3770833333333333    0.3775447254780999    0.378479293957909    0.37889039242219213    0.3806818181818182    0.3806921675774135    0.38174471119562636    0.38304314912944737    0.3849493487698987    0.3853183962264151    0.3860684769775679    0.3882602545968883    0.3882863340563991    0.38894184938036225    0.3906547997457088    0.39217758985200846    0.3939296092993219    0.39466666666666667    0.3949514563106796    0.3952569169960474    0.3952941176470588    0.39592969472710454    0.3973477406679764    0.40114613180515757    0.4013921113689095    0.40179677819083026    0.4019352437662821    0.4041095890410959    0.40437158469945356    0.4065449968533669    0.4087699739873653    0.410871694417238    0.411358024691358    0.4142728904847397    0.41431924882629106    0.4148455162019593    0.4156050955414013    0.4164882226980728    0.4173531026908292    0.4173773987206823    0.4184984299172138    0.420049032961046    0.42201834862385323    0.422468886646485    0.42645074224021595    0.42710795902285265    0.4277016742770167    0.4311303273625695    0.4328726554787759    0.4331065759637188    0.4336356141797197    0.43400211193241817    0.4344059405940594    0.4350515463917526    0.43681917211328974    0.43802698145025293    0.43863955119214587    0.43991179713340683    0.44105326152004787    0.4410813987657949    0.4410958904109589    0.4423979776092452    0.4447291361639824    0.4457652303120357    0.4472980203317282    0.45093457943925236    0.45161290322580644    0.4544776119402985    0.4548022598870056    0.45556690500510727    0.45797598627787306    0.458628841607565    0.4595300261096606    0.46140592694693316    0.46223224351747466    0.4623217922606925    0.4652039766883785    0.4666136724960254    0.47205260685767964    0.47214561500275787    0.4728005372733378    0.47476405416495693    0.4763814616755793    0.4770840851678095    0.4775    0.47761194029850745    0.47771317829457366    0.478137421919364    0.479516651930445    0.4806366047745358    0.48148148148148145    0.4819985304922851    0.482885729331227    0.4831038798498123    0.4833948339483395    0.48344370860927155    0.48375046694060514    0.4838709677419355    0.48388364779874216    0.49198432490203065    0.4920724801812005    0.4924114671163575    0.49403069926094373    0.4944356120826709    0.4944620253164557    0.49458707083204456    0.4964788732394366    0.4969737726967048    0.49812558575445176    0.49946140035906644    0.5    0.5007451564828614    0.5027592216090618    0.5063348416289593    0.5072741194486983    0.5082855321861058    0.5103092783505154    0.5127090301003344    0.513489409141583    0.5135206786850477    0.5161923454367027    0.5169875424688561    0.5183900069396252    0.5194621372965322    0.5201793721973094    0.5206794682422452    0.5213386552041757    0.5235253614872619    0.5243752560426055    0.5245901639344263    0.5251526606571678    0.5290102389078498    0.5303989867004433    0.5357917570498916    0.541813898704358    0.5427631578947368    0.544047619047619    0.5446934917634351    0.5465707027942421    0.5473554735547356    0.5488469601677148    0.5499153976311336    0.551092318534179    0.5516113965436712    0.551760939167556    0.5526315789473685    0.5542929292929293    0.5549901046084252    0.5579113924050633    0.5595018450184502    0.5626304801670147    0.5628803245436106    0.5647146587094368    0.5649181106100166    0.5663438256658596    0.5676485272091862    0.5679176353370973    0.5680911680911681    0.5686480799579169    0.5717488789237668    0.5745047372954349    0.5781078107810781    0.58    0.5810055865921788    0.5813113061435209    0.5823529411764706    0.5851272015655578    0.5851485148514851    0.5865684329838481    0.5865711052433044    0.5879781420765028    0.5926025194317878    0.5929739551786796    0.5946462715105163    0.5996309963099631    0.600511073253833    0.6012234197494902    0.6019002375296912    0.6030042918454935    0.6044830079537238    0.6099239406012315    0.6125628140703517    0.6149442603193733    0.6150041220115416    0.6180292365998917    0.6195476575121163    0.6230792407351612    0.6244541484716157    0.6263360410431809    0.6265590608950844    0.6266218164344065    0.6274431591543678    0.6304816678648454    0.6307464162135442    0.6332203389830509    0.6334254143646408    0.6355899419729207    0.6358482337549063    0.6375233354075918    0.6394035246272028    0.6400885935769657    0.641213389121339    0.642020202020202    0.6463414634146342    0.6466736511262441    0.647372857544254    0.651285930408472    0.6525658807212206    0.653598971722365    0.6540630182421228    0.6551053484602918    0.6561988877984952    0.6575342465753424    0.6583333333333333    0.6625647668393783    0.6642323651452282    0.6659827656955273    0.6721616591332092    0.6747821629933367    0.6749516708091687    0.6828193832599119    0.6832609421984631    0.6843100189035917    0.6872700515084621    0.6878824969400245    0.688023088023088    0.6916436464088398    0.6916829109811566    0.6929065743944637    0.6930926216640503    0.6947133283693224    0.6964545896066051    0.6970128022759602    0.6971279373368147    0.6985263157894737    0.7004830917874396    0.7098525989138867    0.7101321585903083    0.7108985024958403    0.7157074859368239    0.7195032870708546    0.7202380952380952    0.7204623287671232    0.7218181818181818    0.722397476340694    0.7225783475783476    0.7232267037552156    0.7274859287054409    0.7275449101796407    0.7282850779510023    0.729171974522293    0.733689431514689    0.7355941549489936    0.740159441953164    0.742545871559633    0.7426436244745446    0.7469325153374233    0.7522195318805488    0.7533101045296168    0.7544943820224719    0.7580106809078772    0.758749416705553    0.7615112160566706    0.7644110275689223    0.7660256410256411    0.7667844522968198    0.7672514619883041    0.7726420986883198    0.7753378378378378    0.7793388429752066    0.7875955819881053    0.7882219705549264    0.7962466487935657    0.7997644287396938    0.8041044776119403    0.8044400914136467    0.8046511627906977    0.8071242397914856    0.8109132247063282    0.8129032258064516    0.8146647015475313    0.8169223156853043    0.8169269887395568    0.824759751271905    0.8285328532853286    0.8294501397949674    0.8304221251819505    0.8305183459522423    0.8308157099697885    0.8326820603907638    0.8337468982630273    0.8392036753445635    0.8395739186571982    0.8444846292947559    0.85    0.8500856653340948    0.8506366307541626    0.8542478565861262    0.8672055427251733    0.8688046647230321    0.8764241893076249    0.8799435028248588    0.8826237054085155    0.883177570093458    0.8851504367518602    0.8855463347164592    0.8974729241877256    0.9010658649904345    0.9086336965632859    0.9101717305151915    0.910377358490566    0.9128094725511302    0.9208754208754208    0.9218449711723254    0.9259689922480621    0.9284994964753273    0.932937478169752    0.935625    0.9426321709786277    0.9546925566343042    0.9669239250275634    0.9684365781710914    0.9689922480620154    0.9696344339622641    0.97411933860532    0.9795221843003413    0.9833759590792839    0.9864064133844546    0.9882957465029975
Word count for non laugh scripts
    6    9    10    12    24    37    53    150    161    187    220    220    231    259    333    343    347    360    401    408    413    415    446    448    456    462    472    473    491    516    521    526    527    530    531    536    554    567    569    573    596    615    620    633    634    644    647    665    668    669    669    701    706    707    707    716    717    731    745    751    756    758    767    770    782    782    791    801    807    825    828    829    833    833    834    839    846    850    853    856    859    859    881    885    886    898    904    911    913    913    921    923    927    935    946    949    951    957    962    967    985    988    988    993    1006    1009    1009    1017    1019    1020    1026    1029    1030    1040    1040    1043    1043    1052    1062    1064    1073    1078    1081    1087    1087    1091    1094    1096    1098    1108    1110    1120    1123    1140    1143    1147    1152    1156    1158    1159    1160    1161    1178    1189    1190    1204    1211    1211    1214    1217    1217    1230    1242    1242    1247    1252    1270    1280    1285    1289    1293    1294    1308    1308    1313    1317    1318    1327    1331    1334    1336    1337    1338    1355    1364    1366    1370    1372    1374    1405    1414    1417    1425    1438    1439    1448    1456    1461    1473    1495    1497    1499    1513    1514    1547    1567    1572    1572    1575    1580    1581    1588    1602    1603    1613    1614    1629    1644    1654    1654    1669    1722    1723    1725    1725    1728    1744    1757    1769    1783    1810    1810    1813    1814    1818    1822    1826    1833    1835    1839    1854    1855    1855    1856    1859    1860    1863    1875    1885    1892    1901    1906    1908    1910    1923    1924    1926    1936    1942    1946    1947    1957    1961    1962    1967    1972    1979    1981    1983    1983    1985    1987    1987    1994    2003    2006    2015    2018    2023    2026    2036    2049    2054    2061    2066    2072    2076    2082    2083    2085    2106    2118    2122    2127    2131    2134    2134    2134    2148    2156    2165    2171    2178    2179    2191    2194    2203    2203    2205    2207    2207    2211    2214    2215    2226    2229    2236    2238    2239    2243    2243    2256    2264    2279    2285    2285    2299    2301    2310    2317    2323    2331    2333    2340    2341    2346    2346    2346    2354    2371    2379    2383    2383    2396    2411    2412    2414    2417    2418    2420    2423    2424    2433    2447    2452    2455    2456    2465    2468    2471    2473    2477    2490    2494    2494    2500    2505    2508    2527    2527    2531    2535    2541    2573    2573    2574    2593    2612    2612    2625    2631    2645    2659    2674    2676    2677    2681    2703    2716    2731    2732    2755    2772    2772    2773    2786    2800    2805    2820    2845    2852    2853    2853    2856    2857    2865    2890    2895    2895    2904    2914    2918    2925    2932    2936    2943    2954    2982    2984    2985    3026    3040    3059    3063    3078    3082    3087    3103    3129    3166    3189    3229    3230    3244    3252    3275    3283    3288    3291    3292    3304    3312    3322    3340    3353    3403    3405    3451    3486    3494    3498    3498    3501    3502    3527    3550    3575    3582    3631    3639    3691    3717    3732    3752    3755    3772    3778    3789    3795    3814    3841    3887    3891    3898    3946    3950    4008    4021    4079    4081    4099    4113    4231    4242    4282    4315    4430    4467    4486    4652    4692    4806    4849    4914    5207    6546